,year,fdi_net_inflows_current_usd,net_trade_in_goods_and_services_current_usd,consumer_price_index_change,unemployment_rate_percent_of_total_labor_force,gdp_current_usd,individuals_using_the_internet_percent_of_population,life_expectancy_at_birth_total_years,economic_activity,population_size,total_population,gdp_per_person_employed_constant_2011_ppp_usd,petroleum_energy_production,coal_energy_production,renewables_excluding_hydro_share,hydro_electric_energy_production,gas_energy_production,area,education_years,manufacturing_value_added_percent_of_gdp,services_value_added_percent_of_gdp
0,2000,9604052000.0,-75215060.0,62.822365,8.23057,207692320000.0,8.350972,67.00197,66.20028,36576370.0,36576370.0,44884.734,28.490858,14.828257,1.9373534,33.7967,16.356955,831838.7,5.588608,13.748739,50.05917
1,2001,5542552000.0,-334858780.0,65.59918,8.188417,206541340000.0,10.288933,67.34037,66.126724,37057120.0,37057120.0,45142.152,27.97528,15.139125,2.305621,33.22838,17.105993,831841.1,5.594937,13.6654825,50.906116
2,2002,4630484500.0,6036583.5,68.16785,8.346746,215713020000.0,13.366679,67.64693,66.0861,37532396.0,37532396.0,45614.965,27.634447,15.0906925,1.8467588,32.93528,17.497042,831843.8,5.594937,13.546985,51.33625
3,2003,4438160400.0,13937760.0,70.93937,8.391228,242105710000.0,15.598189,67.95245,66.112656,38004656.0,38004656.0,46440.39,27.242632,15.278193,2.320843,32.449818,18.160547,831846.7,5.594937,13.373655,51.412334
4,2004,6096918000.0,354490180.0,73.81271,8.267671,272527100000.0,17.802616,68.286026,66.097885,38480824.0,38480824.0,48092.953,27.159832,14.858774,2.734893,32.017994,18.9263,832036.7,5.626582,13.264058,51.06138
5,2005,9706047000.0,560340200.0,77.32423,8.063386,294636360000.0,19.772312,68.64822,66.13194,38956210.0,38956210.0,48985.035,26.626673,14.817281,2.931761,31.669977,19.676502,832049.06,5.64557,12.969831,50.985638
6,2006,13148050000.0,1243159800.0,81.07118,7.636209,318785850000.0,22.12355,69.013245,66.18324,39434772.0,39434772.0,50176.03,26.415558,14.990047,2.6641777,31.124905,20.159613,832051.2,5.64557,12.940078,51.23966
7,2007,18746264000.0,2051254700.0,85.05425,7.246165,358997230000.0,24.844133,69.36498,66.25038,39912110.0,39912110.0,51124.76,26.37357,15.109052,3.0089772,30.762915,20.5907,832051.44,5.683544,12.789988,51.629726
8,2008,14559734000.0,1875553800.0,93.01512,7.169911,393561830000.0,27.511774,69.742455,66.212326,40401384.0,40401384.0,51305.34,25.624022,14.9082155,3.335311,30.94729,20.885902,833313.94,5.683544,12.609645,51.59819
9,2009,8838615000.0,1963099800.0,96.15867,8.049905,373040900000.0,30.222786,69.86516,66.1397,40893188.0,40893188.0,50091.11,25.327621,14.288398,3.664759,31.064219,21.145195,833299.2,5.683544,12.204516,53.83048
10,2010,10820655000.0,2729705200.0,100.0,8.190424,407649060000.0,33.306458,70.372604,66.107956,41372720.0,41372720.0,51431.168,24.311754,14.015404,4.1597385,31.838528,22.171806,833301.0,5.6962028,12.100763,53.25917
11,2011,14176651000.0,3348289300.0,106.47915,8.084424,453775650000.0,36.08336,70.8624,66.29044,41858970.0,41858970.0,52104.453,24.671322,14.808619,5.095989,30.292835,21.85485,833302.56,5.71519,12.152009,52.890594
12,2012,12102938000.0,3773139000.0,112.53355,8.110887,463231600000.0,38.79513,71.18896,66.484024,42373580.0,42373580.0,52452.926,24.491968,14.81036,5.3332834,30.323742,21.257835,829332.2,5.708861,11.957581,53.338478
13,2013,12504278000.0,4297617000.0,117.64986,8.113292,476412670000.0,41.457474,71.506485,66.532875,42892096.0,42892096.0,52692.14,23.617996,14.612312,5.88832,30.728926,21.22076,831565.06,5.71519,11.7822485,53.878937
14,2014,11654514000.0,3664135200.0,122.43246,7.9545,488824730000.0,44.52387,71.740105,66.63592,43408844.0,43408844.0,52890.65,23.492462,14.822719,6.2169333,30.416729,20.6793,831553.0,5.71519,11.823273,54.355427
15,2015,16019185000.0,2888199000.0,126.96909,7.894114,461774750000.0,47.408222,72.022385,66.85181,43917416.0,43917416.0,53217.855,22.87227,15.004218,7.116251,29.05567,22.043795,831600.2,5.71519,11.932278,55.641342
16,2016,16489226000.0,2928571100.0,132.6388,7.752487,470359870000.0,50.887703,72.28764,66.97801,44420332.0,44420332.0,53598.51,22.253567,14.782424,7.4259696,29.058548,22.42283,831607.9,5.71519,11.841,55.95467
17,2017,13577803000.0,3225430800.0,139.70866,7.47388,501121900000.0,54.103134,72.50692,67.02856,44916370.0,44916370.0,54370.96,20.8182,14.685512,8.201368,28.824223,23.532272,831629.06,5.71519,11.940564,55.47825
18,2018,7140023000.0,3132487400.0,147.65169,7.1688356,533926600000.0,57.36693,72.79995,67.178795,45392320.0,45392320.0,54995.684,19.559353,14.237989,8.886754,29.302858,23.849745,831627.6,5.702532,12.005554,55.17873
19,2019,11826387000.0,2486408000.0,158.37215,7.0231013,541878000000.0,60.67332,72.88097,67.388435,45850960.0,45850960.0,55415.234,19.10931,13.912284,10.553844,27.909603,24.753078,832250.5,5.702532,11.83888,55.589367
20,2020,7171406300.0,3166647800.0,194.80923,8.026329,527378580000.0,64.41817,72.29429,66.158295,46300612.0,46300612.0,54137.375,17.92557,13.037364,11.00617,28.54181,25.276148,832218.0,5.683544,11.928063,56.34281
21,2021,14648556000.0,5452051000.0,306.47076,7.743462,601938130000.0,67.92664,71.52952,66.70772,46662170.0,46662170.0,56673.57,17.672335,12.625201,11.453166,28.749231,24.817648,832180.94,5.683544,12.166687,54.375736
22,2022,11086786000.0,4314522000.0,514.7875,6.923032,625320000000.0,69.7806,72.90536,67.389915,47047044.0,47047044.0,57199.293,17.82871,12.674028,11.453166,28.231344,24.011042,832147.3,5.683544,12.347533,53.600574
23,2023,4490905000.0,5029120500.0,563.4329,6.6963415,653412100000.0,71.25386,73.67967,67.49894,47441604.0,47441604.0,57427.14,17.745829,12.110269,11.453166,28.379017,23.744658,832147.3,5.677215,12.015377,54.884857
24,2024,4562204000.0,5029120500.0,576.60095,6.6583037,653412100000.0,71.31399,73.67967,67.52504,47441604.0,47441604.0,57427.14,17.745829,12.110269,11.453166,28.379017,23.744658,832147.3,5.677215,12.015377,54.884857
